 day | total_assignments 
-----+-------------------
   1 |                11
   2 |                 9
   3 |                 9
   4 |                 9
   5 |                 7
   6 |                 6
   7 |                 7
   8 |                 9
   9 |                12
  10 |                 9
  11 |                 7
  12 |                 9
  13 |                 5
  14 |                 5
  15 |                 9
  16 |                 9
  17 |                 9
  18 |                 6
  19 |                 8
  20 |                 8
  21 |                 4
  22 |                10
  23 |                10
  24 |                10
  25 |                 8
  26 |                 7
  27 |                 5
  28 |                 6
  29 |                10
  30 |                11
  31 |                 9
  32 |                 8
  33 |                 8
  34 |                 7
  35 |                 6
  36 |                10
  37 |                10
  38 |                 8
  39 |                10
  40 |                 6
  41 |                 6
  42 |                 8
  43 |                10
  44 |                11
  45 |                10
  46 |                11
  47 |                 8
  48 |                 5
  49 |                 8
  50 |                 9
  51 |                12
(51 rows)

